#BVGraph properties
#Thu Oct 08 13:49:45 GMT 2020
bitsforreferences=17483833
avgbitsforintervals=2.621
graphclass=it.unimi.dsi.webgraph.BVGraph
avgdist=1.896
successoravggap=308045.374
residualexpstats=6226682,5865460,5705009,5966046,6353002,6709688,6829864,6986597,6933343,6494399,5759987,4833410,3830874,3111853,3106257,3095332,3923221,4879374,5827106,5352876,3977313,2333160,1655220,624588
arcs=142691609
minintervallength=4
bitsforoutdegrees=46275704
residualavgloggap=10.225491298961877
avgbitsforoutdegrees=7.652
bitsforresiduals=1763965268
successoravgloggap=9.460995417529446
maxrefcount=3
successorexpstats=14166006,8878599,7567354,7323153,7542946,7778955,7952302,8083279,7885737,7459907,6537435,5413799,4296332,3449661,3410278,3370729,4260569,5340135,6464136,5968134,4461162,2642995,1763340,673081
residualarcs=116382666
avgbitsforresiduals=291.685
avgbitsforblocks=13.827
windowsize=7
residualavggap=344028.496
copiedarcs=23177317
avgbitsforreferences=2.891
version=0
compratio=0.696
bitsperlink=13.506
compressionflags=
nodes=6047510
avgref=1.346
zetak=3
bitsforintervals=15851040
intervalisedarcs=3131626
bitspernode=318.675
bitsforblocks=83616207
