#BVGraph properties
#Wed Apr 08 12:20:46 CEST 2015
compratio=0.408
bitsforblocks=206945363
residualarcs=328885496
version=0
zetak=3
residualexpstats=24429065,22670763,21353022,20619290,18508936,16777391,15187428,14080096,12980246,11523931,10264238,9509852,8648060,8949432,8209176,7330587,8134145,9366518,10986236,12208523,12727937,12335190,9138731,7004356,4568618,2470752
avgref=0.539
residualavggap=1441127.609
avgbitsforoutdegrees=4.64
windowsize=7
bitsforintervals=88556962
copiedarcs=230291575
avgbitsforblocks=6.717
bitsperlink=8.989
bitsforresiduals=4923725318
bitsforreferences=50136792
avgdist=0.837
successoravgloggap=6.580178378966656
avgbitsforreferences=1.627
successoravggap=853176.003
maxrefcount=3
successorexpstats=245129026,42259620,29233955,23636581,20361172,18413562,16779421,15556674,14180915,12614212,11242598,10397232,9515013,10368114,9149073,7832811,8631352,10010216,11819230,13311325,14079773,13903740,10308316,7948665,5044202,2594093
nodes=30809122
compressionflags=
intervalisedarcs=42942645
bitspernode=175.673
arcs=602119716
bitsforoutdegrees=142964068
avgbitsforintervals=2.874
minintervallength=4
graphclass=it.unimi.dsi.webgraph.BVGraph
avgbitsforresiduals=159.814
residualavgloggap=10.33795628361776
