#BVGraph properties
#Wed Nov 17 23:38:03 CET 2010
compratio=0.098
bitsforblocks=488862180
residualarcs=229181991
version=0
zetak=3
residualexpstats=31318979,19418620,15269183,17109364,18637840,16558747,11197451,7795624,7053599,7306358,8343439,9774694,11105867,10280355,7579486,4903346,3682137,1878602,1261708,1090251,1113967,1191096,2081822,2721627,2625705,1583616,430201
avgref=1.808
residualavggap=1095741.672
avgbitsforoutdegrees=8.244
windowsize=7
bitsforintervals=451494657
copiedarcs=1496989322
avgbitsforblocks=9.654
bitsperlink=2.126
bitsforresiduals=2620627915
bitsforreferences=165871673
avgdist=2.412
successoravgloggap=2.958531027059082
avgbitsforreferences=3.276
successoravggap=559078.731
maxrefcount=3
successorexpstats=1509591417,65717268,32505087,28523308,28311349,25052066,21214471,16404848,16765125,17742405,17646339,18469479,20741754,20034294,18062998,12378476,10007651,5027829,5249125,3767939,6022184,4863145,10061780,13126225,11579824,6893038,1875054
nodes=50636154
compressionflags=
intervalisedarcs=223241288
bitspernode=81.845
arcs=1949412601
bitsforoutdegrees=417440776
avgbitsforintervals=8.916
minintervallength=4
graphclass=it.unimi.dsi.webgraph.BVGraph
avgbitsforresiduals=51.754
residualavgloggap=7.5925686041113964
