#BVGraph properties
#Sat May 28 08:22:41 CEST 2011
compratio=0.653
bitsforblocks=622367134
residualarcs=1258550088
version=0
zetak=3
residualexpstats=59373316,73790658,80817965,88354516,88533001,83355429,74638464,63186016,53144010,45233279,38956174,34153277,30192572,28181927,28082935,28973715,31772423,36751162,42890318,49994650,53403082,49560221,38008429,25878650,15346836,12851338,3125700
avgref=1.03
residualavggap=1765339.445
avgbitsforoutdegrees=6.503
windowsize=7
bitsforintervals=122335603
copiedarcs=180977376
avgbitsforblocks=14.942
bitsperlink=14.116
bitsforresiduals=19613602580
bitsforreferences=98949223
avgdist=1.413
successoravgloggap=9.741216654943479
avgbitsforreferences=2.376
successoravggap=1575759.109
maxrefcount=3
successorexpstats=146293293,106411428,97883082,98414375,96950285,90634339,80958247,67023147,55931965,47700180,40923610,35673486,31444903,29301647,29131326,30124666,33100414,38428634,45273183,53381754,57636314,54118870,41483272,28089024,16173999,12729114,3150596
nodes=41652230
compressionflags=
intervalisedarcs=28837718
bitspernode=497.647
arcs=1468365182
bitsforoutdegrees=270855994
avgbitsforintervals=2.937
minintervallength=4
graphclass=it.unimi.dsi.webgraph.BVGraph
avgbitsforresiduals=470.89
residualavgloggap=10.5504491658707
